326499679
546195
9824766
777536
321173469
517327498
122879
20165629
14110780
62540916
19577966
1532165
466272
562197
250858633
1577804
176037767
883968
375375
196356191
4162287
10330740
1935882
13354765
32786875
437316738
18202105
15773384
390461123
163637592
290526283
927587
50329118
37663924
6574487
168598
337521240
33683045
7584632
280793434
456664753
2206456
8960728
2920960
5970160
17409016
32820037
16794231
221648
7487399
1565155
3957971
116683
174501086
808171
54992199
39847479
99157282
8047632
585267
472747194
63231
113362335
9008159
10558098
17819768
4474705
9458053
3766866
161775300
37090048
486183
79061224
7552204
250111460
285499073
433351
2403047
10119428
391679
3032988
51896064
1643718
7788379
322892
8366990
21837784
436473455
282994
8578857
26139491
14583962
19642758
27534330
1328260
52250
353840826
29329085
258150656
26366366
